175
332.5 228.0 0.0 270.0 40.27
380.0 228.0 0.0 28.0 36.45
198.6 192.0 0.0 28.0 28.02
190.0 228.0 0.0 90.0 42.33
139.6 192.0 0.0 90.0 39.36
380.0 228.0 0.0 90.0 40.56
475.0 228.0 0.0 180.0 42.62
139.6 192.0 0.0 28.0 28.24
139.6 192.0 0.0 180.0 44.21
380.0 228.0 0.0 270.0 41.15
190.0 228.0 0.0 365.0 53.69
237.5 228.0 0.0 28.0 30.08
332.5 228.0 0.0 90.0 37.72
342.0 228.0 0.0 90.0 50.46
190.0 228.0 0.0 180.0 46.93
304.0 228.0 0.0 90.0 49.19
139.6 192.0 0.0 7.0 14.59
198.6 192.0 0.0 3.0 9.13
332.5 228.0 0.0 28.0 33.02
190.0 228.0 0.0 270.0 50.66
139.6 192.0 0.0 360.0 44.7
485.0 146.0 0.0 28.0 71.99
374.0 170.1 10.1 3.0 34.4
313.3 175.5 8.6 3.0 28.8
425.0 153.5 16.5 3.0 33.4
425.0 153.5 16.5 3.0 33.4
362.6 164.9 11.6 3.0 35.3
439.0 186.0 11.1 3.0 39.3
389.9 145.9 22.0 3.0 40.6
362.6 164.9 11.6 3.0 35.3
374.0 170.1 10.1 7.0 46.2
313.3 175.5 8.6 7.0 42.8
425.0 151.4 18.6 7.0 46.8
375.0 126.6 23.4 7.0 45.7
531.3 141.8 28.2 7.0 46.9
318.8 155.7 14.3 7.0 33.4
362.6 164.9 11.6 7.0 55.9
323.7 183.8 10.3 7.0 49.8
439.0 186.0 11.1 7.0 56.1
362.6 164.9 11.6 7.0 22.9
318.8 155.7 14.3 28.0 55.5
286.3 144.7 11.2 28.0 67.7
439.0 186.0 11.1 28.0 66.0
337.9 174.9 9.5 28.0 49.9
375.0 126.6 23.4 56.0 60.2
401.8 147.4 11.4 56.0 73.7
362.6 164.9 11.6 56.0 77.3
362.6 164.9 11.6 56.0 77.3
389.9 145.9 22.0 56.0 79.4
531.3 141.8 28.2 91.0 59.2
362.6 164.9 11.6 91.0 79.3
439.0 186.0 11.1 91.0 73.3
389.9 145.9 22.0 91.0 82.6
222.4 189.3 4.5 56.0 29.45
233.8 197.9 4.6 14.0 22.14
233.8 197.9 4.6 28.0 22.84
194.7 165.6 7.5 28.0 25.72
190.7 162.1 7.8 28.0 26.4
190.7 162.1 7.8 56.0 35.34
212.1 180.3 5.7 14.0 20.92
212.1 180.3 5.7 28.0 24.9
212.1 180.3 5.7 56.0 34.2
230.0 195.5 4.6 56.0 31.54
190.3 161.9 9.9 56.0 38.56
166.1 176.5 4.5 28.0 21.54
213.7 181.7 6.9 14.0 30.39
213.7 181.7 6.9 100.0 53.9
229.7 195.2 6.1 56.0 31.35
229.7 195.2 6.1 100.0 40.86
238.1 186.7 7.0 3.0 19.93
250.0 187.4 5.5 28.0 29.22
250.0 187.4 5.5 56.0 38.33
212.6 159.4 10.4 28.0 37.4
212.6 159.4 10.4 100.0 47.74
212.0 159.0 7.8 28.0 38.5
251.4 188.5 5.8 14.0 29.93
251.4 188.5 5.8 100.0 43.58
251.4 188.5 6.4 28.0 32.66
251.4 188.5 6.4 56.0 36.64
181.4 169.6 7.6 28.0 27.77
181.4 169.6 7.6 56.0 35.57
290.4 168.1 9.4 56.0 45.08
249.1 158.1 12.8 28.0 30.85
249.1 158.1 12.8 56.0 42.03
252.3 146.3 14.2 3.0 21.78
252.3 146.3 14.2 14.0 42.29
275.1 159.5 9.9 56.0 56.85
297.2 174.8 9.5 56.0 51.96
213.7 154.8 10.2 3.0 17.57
213.7 154.8 10.2 28.0 40.15
213.7 154.8 10.2 56.0 46.64
213.5 154.6 11.7 100.0 59.3
277.2 160.7 11.2 3.0 30.45
218.2 140.8 11.9 56.0 61.99
218.2 140.8 11.9 100.0 63.53
214.9 155.6 9.6 28.0 52.2
218.9 158.5 11.3 100.0 46.23
451.0 165.0 11.3 28.0 78.8
528.0 185.0 6.9 28.0 56.83
160.0 182.0 6.4 28.0 39.4
234.0 189.0 5.9 28.0 39.3
165.0 163.8 0.0 3.0 14.4
167.4 175.5 7.8 3.0 14.94
251.4 192.9 5.8 3.0 11.98
167.4 175.5 7.8 14.0 31.81
172.4 156.8 4.1 14.0 29.75
173.5 164.8 6.5 14.0 33.01
165.0 163.8 0.0 28.0 26.2
165.0 175.1 8.1 28.0 46.39
178.0 179.9 3.6 28.0 39.16
173.8 172.3 9.7 28.0 37.81
250.0 191.8 5.3 28.0 27.22
213.5 159.2 11.7 28.0 44.64
165.0 175.1 8.1 56.0 53.72
172.4 156.8 4.1 56.0 35.85
173.8 172.3 9.7 56.0 48.99
194.7 170.2 7.5 56.0 43.39
251.4 192.9 5.8 56.0 39.27
165.0 175.1 8.1 100.0 55.02
167.0 164.0 7.9 100.0 56.81
173.8 172.3 9.7 100.0 50.94
194.7 170.2 7.5 100.0 44.28
251.4 192.9 5.8 100.0 40.15
446.0 162.0 11.6 28.0 57.03
446.0 162.0 11.6 3.0 25.02
446.0 162.0 10.3 56.0 54.77
387.0 157.0 13.9 3.0 25.51
491.0 210.0 3.9 56.0 59.59
491.0 201.0 3.9 3.0 29.55
284.0 179.0 5.5 28.0 43.73
359.0 154.0 10.9 28.0 62.94
359.0 154.0 10.9 3.0 23.64
359.0 154.0 10.9 7.0 35.75
359.0 154.0 10.9 7.0 38.61
359.0 154.0 10.9 56.0 68.75
333.0 192.0 0.0 3.0 15.62
255.0 192.0 0.0 7.0 10.22
333.0 192.0 0.0 7.0 23.4
193.5 185.7 0.0 28.0 32.63
239.6 185.7 0.0 28.0 39.44
158.8 185.7 0.0 28.0 21.07
238.1 185.7 0.0 7.0 10.34
382.5 185.7 0.0 28.0 37.44
339.0 197.0 0.0 7.0 20.97
236.0 194.0 0.0 14.0 12.84
236.0 194.0 0.0 28.0 18.42
277.0 191.0 0.0 28.0 25.97
277.0 191.0 0.0 180.0 32.33
307.0 193.0 0.0 180.0 34.49
307.0 193.0 0.0 28.0 27.53
307.0 193.0 0.0 90.0 32.92
275.0 183.0 0.0 28.0 24.5
375.0 186.0 0.0 7.0 26.06
250.0 182.0 0.0 28.0 20.87
350.0 186.0 0.0 28.0 34.29
157.0 192.0 0.0 90.0 43.38
166.8 203.5 0.0 3.0 6.9
122.6 203.5 0.0 90.0 33.19
183.9 203.5 0.0 3.0 4.9
200.0 192.0 0.0 3.0 11.41
108.3 203.5 0.0 90.0 29.23
157.0 192.0 0.0 28.0 33.66
250.2 203.5 0.0 7.0 19.35
173.0 192.0 0.0 7.0 11.39
192.0 192.0 0.0 3.0 12.79
305.3 203.5 0.0 28.0 43.38
166.8 203.5 0.0 7.0 15.75
102.0 192.0 0.0 7.0 7.68
102.0 192.0 0.0 28.0 17.28
183.9 203.5 0.0 28.0 24.05
192.0 192.0 0.0 90.0 50.73
108.3 203.5 0.0 3.0 2.33
157.0 192.0 0.0 7.0 16.89
236.0 192.0 0.0 28.0 32.88
203.5 203.5 0.0 3.0 9.56
525
540.0 162.0 2.5 28.0 79.99
540.0 162.0 2.5 28.0 61.89
332.5 228.0 0.0 365.0 41.05
198.6 192.0 0.0 360.0 44.3
266.0 228.0 0.0 90.0 47.03
380.0 228.0 0.0 365.0 43.7
266.0 228.0 0.0 28.0 45.85
475.0 228.0 0.0 28.0 39.29
198.6 192.0 0.0 90.0 38.07
427.5 228.0 0.0 270.0 43.01
304.0 228.0 0.0 28.0 47.81
380.0 228.0 0.0 90.0 52.91
342.0 228.0 0.0 365.0 56.14
427.5 228.0 0.0 180.0 41.84
139.6 192.0 0.0 3.0 8.06
380.0 228.0 0.0 365.0 52.52
380.0 228.0 0.0 270.0 53.3
342.0 228.0 0.0 180.0 52.12
427.5 228.0 0.0 28.0 37.43
475.0 228.0 0.0 7.0 38.6
304.0 228.0 0.0 365.0 55.26
266.0 228.0 0.0 365.0 52.91
198.6 192.0 0.0 180.0 41.72
475.0 228.0 0.0 270.0 42.13
237.5 228.0 0.0 270.0 38.41
475.0 228.0 0.0 90.0 42.23
237.5 228.0 0.0 180.0 36.25
427.5 228.0 0.0 365.0 43.7
237.5 228.0 0.0 365.0 39.0
380.0 228.0 0.0 180.0 53.1
427.5 228.0 0.0 90.0 41.54
427.5 228.0 0.0 7.0 35.08
349.0 192.0 0.0 3.0 15.05
380.0 228.0 0.0 180.0 40.76
237.5 228.0 0.0 7.0 26.26
380.0 228.0 0.0 7.0 32.82
332.5 228.0 0.0 180.0 39.78
237.5 228.0 0.0 90.0 33.12
198.6 192.0 0.0 7.0 14.64
475.0 228.0 0.0 365.0 41.93
304.0 228.0 0.0 180.0 50.95
304.0 228.0 0.0 270.0 54.38
266.0 228.0 0.0 270.0 51.73
310.0 192.0 0.0 3.0 9.87
266.0 228.0 0.0 180.0 48.7
342.0 228.0 0.0 270.0 55.06
332.5 228.0 0.0 7.0 30.28
190.0 228.0 0.0 28.0 40.86
425.0 151.4 18.6 3.0 36.3
375.0 126.6 23.4 3.0 29.0
475.0 181.1 8.9 3.0 37.8
469.0 137.8 32.2 3.0 40.2
425.0 153.5 16.5 3.0 33.4
388.6 157.9 12.1 3.0 28.1
531.3 141.8 28.2 3.0 41.3
318.8 155.7 14.3 3.0 25.2
401.8 147.4 11.4 3.0 41.1
362.6 164.9 11.6 3.0 35.3
323.7 183.8 10.3 3.0 28.3
379.5 153.9 15.9 3.0 28.6
286.3 144.7 11.2 3.0 24.4
362.6 164.9 11.6 3.0 35.3
337.9 174.9 9.5 3.0 24.1
425.0 153.5 16.5 7.0 49.2
475.0 181.1 8.9 7.0 55.6
469.0 137.8 32.2 7.0 54.9
425.0 153.5 16.5 7.0 49.2
388.6 157.9 12.1 7.0 34.9
425.0 153.5 16.5 7.0 49.2
401.8 147.4 11.4 7.0 54.1
379.5 153.9 15.9 7.0 47.1
362.6 164.9 11.6 7.0 55.9
286.3 144.7 11.2 7.0 38.0
362.6 164.9 11.6 7.0 55.9
389.9 145.9 22.0 7.0 59.09
337.9 174.9 9.5 7.0 35.1
374.0 170.1 10.1 28.0 61.09
313.3 175.5 8.6 28.0 59.8
425.0 153.5 16.5 28.0 60.29
425.0 151.4 18.6 28.0 61.8
375.0 126.6 23.4 28.0 56.7
475.0 181.1 8.9 28.0 68.3
469.0 137.8 32.2 28.0 66.9
425.0 153.5 16.5 28.0 60.29
388.6 157.9 12.1 28.0 50.7
531.3 141.8 28.2 28.0 56.4
425.0 153.5 16.5 28.0 60.29
401.8 147.4 11.4 28.0 68.5
362.6 164.9 11.6 28.0 71.3
323.7 183.8 10.3 28.0 74.7
379.5 153.9 15.9 28.0 52.2
362.6 164.9 11.6 28.0 71.3
362.6 164.9 11.6 28.0 71.3
389.9 145.9 22.0 28.0 74.5
362.6 164.9 11.6 28.0 71.3
374.0 170.1 10.1 56.0 63.4
313.3 175.5 8.6 56.0 64.9
425.0 153.5 16.5 56.0 64.3
425.0 151.4 18.6 56.0 64.9
475.0 181.1 8.9 56.0 72.3
469.0 137.8 32.2 56.0 69.3
425.0 153.5 16.5 56.0 64.3
388.6 157.9 12.1 56.0 55.2
531.3 141.8 28.2 56.0 58.8
425.0 153.5 16.5 56.0 64.3
318.8 155.7 14.3 56.0 66.1
323.7 183.8 10.3 56.0 80.2
379.5 153.9 15.9 56.0 54.9
362.6 164.9 11.6 56.0 77.3
286.3 144.7 11.2 56.0 72.99
439.0 186.0 11.1 56.0 71.7
362.6 164.9 11.6 56.0 77.3
337.9 174.9 9.5 56.0 59.89
374.0 170.1 10.1 91.0 64.9
313.3 175.5 8.6 91.0 66.6
425.0 153.5 16.5 91.0 65.2
425.0 151.4 18.6 91.0 66.7
375.0 126.6 23.4 91.0 62.5
475.0 181.1 8.9 91.0 74.19
469.0 137.8 32.2 91.0 70.7
425.0 153.5 16.5 91.0 65.2
388.6 157.9 12.1 91.0 57.6
425.0 153.5 16.5 91.0 65.2
318.8 155.7 14.3 91.0 68.1
401.8 147.4 11.4 91.0 75.5
362.6 164.9 11.6 91.0 79.3
379.5 153.9 15.9 91.0 56.5
286.3 144.7 11.2 91.0 76.8
362.6 164.9 11.6 91.0 79.3
362.6 164.9 11.6 91.0 79.3
337.9 174.9 9.5 91.0 67.8
222.4 189.3 4.5 3.0 11.58
222.4 189.3 4.5 14.0 24.45
222.4 189.3 4.5 28.0 24.89
222.4 189.3 4.5 100.0 40.71
233.8 197.9 4.6 3.0 10.38
233.8 197.9 4.6 56.0 27.66
233.8 197.9 4.6 100.0 34.56
194.7 165.6 7.5 3.0 12.45
194.7 165.6 7.5 14.0 24.99
194.7 165.6 7.5 56.0 33.96
194.7 165.6 7.5 100.0 37.34
190.7 162.1 7.8 3.0 15.04
190.7 162.1 7.8 14.0 21.06
190.7 162.1 7.8 100.0 40.57
212.1 180.3 5.7 3.0 12.47
212.1 180.3 5.7 100.0 39.61
230.0 195.5 4.6 3.0 10.03
230.0 195.5 4.6 14.0 20.08
230.0 195.5 4.6 28.0 24.48
230.0 195.5 4.6 100.0 35.34
190.3 161.9 9.9 3.0 9.45
190.3 161.9 9.9 14.0 22.72
190.3 161.9 9.9 28.0 28.47
190.3 161.9 9.9 100.0 40.39
166.1 176.5 4.5 3.0 10.76
166.1 176.5 4.5 14.0 25.48
166.1 176.5 4.5 56.0 28.63
166.1 176.5 4.5 100.0 33.54
168.0 121.8 5.7 3.0 7.75
168.0 121.8 5.7 14.0 17.82
168.0 121.8 5.7 28.0 24.24
168.0 121.8 5.7 56.0 32.85
168.0 121.8 5.7 100.0 39.23
213.7 181.7 6.9 3.0 18.0
213.7 181.7 6.9 28.0 45.71
213.7 181.7 6.9 56.0 50.77
213.8 181.7 6.7 3.0 13.18
213.8 181.7 6.7 14.0 17.84
213.8 181.7 6.7 28.0 40.23
213.8 181.7 6.7 56.0 47.13
213.8 181.7 6.7 100.0 49.97
229.7 195.2 6.1 3.0 13.36
229.7 195.2 6.1 14.0 22.32
229.7 195.2 6.1 28.0 24.54
238.1 186.7 7.0 14.0 25.69
238.1 186.7 7.0 28.0 30.23
238.1 186.7 7.0 56.0 39.59
238.1 186.7 7.0 100.0 44.3
250.0 187.4 5.5 3.0 13.82
250.0 187.4 5.5 14.0 24.92
250.0 187.4 5.5 100.0 42.35
212.5 159.3 8.7 3.0 13.54
212.5 159.3 8.7 14.0 26.31
212.5 159.3 8.7 28.0 31.64
212.5 159.3 8.7 56.0 42.55
212.5 159.3 8.7 100.0 42.92
212.6 159.4 10.4 3.0 13.33
212.6 159.4 10.4 14.0 25.37
212.6 159.4 10.4 56.0 44.4
212.0 159.0 7.8 3.0 19.52
212.0 159.0 7.8 14.0 31.35
212.0 159.0 7.8 56.0 45.08
212.0 159.0 7.8 100.0 47.82
231.8 174.0 6.7 3.0 15.44
231.8 174.0 6.7 14.0 26.77
231.8 174.0 6.7 28.0 33.73
231.8 174.0 6.7 56.0 42.7
231.8 174.0 6.7 100.0 45.84
251.4 188.5 5.8 3.0 17.22
251.4 188.5 5.8 28.0 29.65
251.4 188.5 5.8 56.0 36.97
251.4 188.5 6.4 3.0 13.12
251.4 188.5 6.4 14.0 24.43
251.4 188.5 6.4 100.0 44.21
181.4 169.6 7.6 3.0 13.62
181.4 169.6 7.6 14.0 21.6
181.4 169.6 7.6 100.0 45.37
182.0 170.2 8.2 3.0 7.32
182.0 170.2 8.2 14.0 21.5
182.0 170.2 8.2 28.0 31.27
182.0 170.2 8.2 56.0 43.5
182.0 170.2 8.2 100.0 48.67
168.9 158.3 10.8 3.0 7.4
168.9 158.3 10.8 14.0 23.51
168.9 158.3 10.8 28.0 31.12
168.9 158.3 10.8 56.0 39.15
168.9 158.3 10.8 100.0 48.15
290.4 168.1 9.4 3.0 22.5
290.4 168.1 9.4 14.0 34.67
290.4 168.1 9.4 28.0 34.74
290.4 168.1 9.4 100.0 48.97
277.1 160.6 11.8 3.0 23.14
277.1 160.6 11.8 14.0 41.89
277.1 160.6 11.8 28.0 48.28
277.1 160.6 11.8 56.0 51.04
277.1 160.6 11.8 100.0 55.64
295.7 171.5 8.9 3.0 22.95
295.7 171.5 8.9 14.0 35.23
295.7 171.5 8.9 28.0 39.94
295.7 171.5 8.9 56.0 48.72
295.7 171.5 8.9 100.0 52.04
251.8 146.1 12.4 3.0 21.02
251.8 146.1 12.4 14.0 33.36
251.8 146.1 12.4 28.0 33.94
251.8 146.1 12.4 56.0 44.14
251.8 146.1 12.4 100.0 45.37
249.1 158.1 12.8 3.0 15.36
249.1 158.1 12.8 14.0 28.68
249.1 158.1 12.8 100.0 51.06
252.3 146.3 14.2 28.0 50.6
252.3 146.3 14.2 56.0 55.83
252.3 146.3 14.2 100.0 60.95
246.8 143.3 12.0 3.0 23.52
246.8 143.3 12.0 14.0 42.22
246.8 143.3 12.0 28.0 52.5
246.8 143.3 12.0 56.0 60.32
246.8 143.3 12.0 100.0 66.42
275.1 159.5 9.9 3.0 23.8
275.1 159.5 9.9 14.0 38.77
275.1 159.5 9.9 28.0 51.33
275.1 159.5 9.9 100.0 58.61
297.2 174.8 9.5 3.0 21.91
297.2 174.8 9.5 14.0 36.99
297.2 174.8 9.5 28.0 47.4
297.2 174.8 9.5 100.0 56.74
213.7 154.8 10.2 14.0 33.73
213.7 154.8 10.2 100.0 50.08
213.5 154.6 11.7 3.0 17.37
213.5 154.6 11.7 14.0 33.7
213.5 154.6 11.7 28.0 45.94
213.5 154.6 11.7 56.0 51.43
277.2 160.7 11.2 14.0 47.71
277.2 160.7 11.2 28.0 63.14
277.2 160.7 11.2 56.0 66.82
277.2 160.7 11.2 100.0 66.95
218.2 140.8 11.9 3.0 27.42
218.2 140.8 11.9 14.0 35.96
218.2 140.8 11.9 28.0 55.51
214.9 155.6 9.6 3.0 18.02
214.9 155.6 9.6 14.0 38.6
214.9 155.6 9.6 56.0 53.96
214.9 155.6 9.6 100.0 56.63
218.9 158.5 11.3 3.0 15.34
218.9 158.5 11.3 14.0 26.05
218.9 158.5 11.3 28.0 30.22
218.9 158.5 11.3 56.0 37.27
376.0 214.6 0.0 3.0 16.28
376.0 214.6 0.0 14.0 25.62
376.0 214.6 0.0 28.0 31.97
376.0 214.6 0.0 56.0 36.3
376.0 214.6 0.0 100.0 43.06
500.0 140.0 4.0 28.0 67.57
475.0 142.0 1.9 28.0 57.23
315.0 145.0 5.9 28.0 81.75
505.0 195.0 0.0 28.0 64.02
516.0 162.0 8.2 28.0 41.37
520.0 170.0 5.2 28.0 60.28
520.0 175.0 5.2 28.0 51.02
385.0 158.0 20.0 28.0 55.55
500.1 200.0 3.0 28.0 44.13
450.1 200.0 3.0 28.0 39.38
397.0 167.0 20.8 28.0 55.65
333.0 167.0 17.9 28.0 47.28
334.0 189.0 15.3 28.0 44.33
405.0 175.0 0.0 28.0 52.3
200.0 190.0 0.0 28.0 49.25
516.0 162.0 8.3 28.0 41.37
145.0 184.0 5.7 28.0 29.16
250.0 159.0 9.5 28.0 67.87
475.0 162.0 9.5 28.0 58.52
285.0 163.0 7.6 28.0 53.58
356.0 160.0 9.0 28.0 59.0
275.0 162.0 10.4 28.0 76.24
500.0 151.0 9.0 28.0 69.84
165.0 175.1 8.1 3.0 19.42
178.0 179.9 3.6 3.0 20.73
172.4 156.8 4.1 3.0 21.29
173.5 164.8 6.5 3.0 23.08
167.0 164.0 7.9 3.0 15.52
173.8 172.3 9.7 3.0 15.82
190.3 166.6 9.9 3.0 12.55
250.0 191.8 5.3 3.0 8.49
213.5 159.2 11.7 3.0 15.61
194.7 170.2 7.5 3.0 12.18
165.0 163.8 0.0 14.0 16.88
165.0 175.1 8.1 14.0 33.09
178.0 179.9 3.6 14.0 34.24
167.0 164.0 7.9 14.0 32.9
173.8 172.3 9.7 14.0 29.55
190.3 166.6 9.9 14.0 19.42
250.0 191.8 5.3 14.0 24.66
213.5 159.2 11.7 14.0 29.59
194.7 170.2 7.5 14.0 24.28
251.4 192.9 5.8 14.0 20.73
167.4 175.5 7.8 28.0 41.2
172.4 156.8 4.1 28.0 33.69
173.5 164.8 6.5 28.0 38.2
167.0 164.0 7.9 28.0 41.41
190.3 166.6 9.9 28.0 24.85
194.7 170.2 7.5 28.0 37.27
251.4 192.9 5.8 28.0 33.27
165.0 163.8 0.0 56.0 36.56
178.0 179.9 3.6 56.0 48.59
167.4 175.5 7.8 56.0 51.72
173.5 164.8 6.5 56.0 53.77
167.0 164.0 7.9 56.0 53.46
190.3 166.6 9.9 56.0 31.72
250.0 191.8 5.3 56.0 39.64
213.5 159.2 11.7 56.0 51.26
165.0 163.8 0.0 100.0 37.96
178.0 179.9 3.6 100.0 49.99
167.4 175.5 7.8 100.0 53.66
172.4 156.8 4.1 100.0 37.68
173.5 164.8 6.5 100.0 56.06
190.3 166.6 9.9 100.0 33.56
250.0 191.8 5.3 100.0 41.16
213.5 159.2 11.7 100.0 52.96
446.0 162.0 11.6 28.0 44.42
446.0 162.0 11.6 28.0 51.02
446.0 162.0 10.3 28.0 53.39
446.0 162.0 11.6 3.0 35.36
446.0 162.0 11.6 3.0 23.35
446.0 162.0 11.6 7.0 52.01
446.0 162.0 11.6 7.0 38.02
446.0 162.0 11.6 7.0 39.3
446.0 162.0 11.6 56.0 61.07
446.0 162.0 11.6 56.0 56.14
446.0 162.0 11.6 56.0 55.25
387.0 157.0 14.3 28.0 50.24
387.0 157.0 13.9 28.0 46.68
387.0 157.0 11.6 28.0 46.68
387.0 157.0 14.3 3.0 22.75
387.0 157.0 11.6 3.0 34.77
387.0 157.0 14.3 7.0 36.84
387.0 157.0 13.9 7.0 45.9
387.0 157.0 11.6 7.0 41.67
387.0 157.0 14.3 56.0 56.34
387.0 157.0 13.9 56.0 47.97
387.0 157.0 11.6 56.0 61.46
355.0 145.0 13.1 28.0 44.03
355.0 145.0 12.3 28.0 55.45
491.0 210.0 3.9 28.0 55.55
491.0 201.0 3.9 28.0 57.92
491.0 210.0 3.9 3.0 25.61
491.0 210.0 3.9 7.0 33.49
491.0 201.0 3.9 7.0 37.92
491.0 201.0 3.9 56.0 61.86
424.0 178.0 8.5 28.0 62.05
424.0 178.0 8.5 3.0 32.01
424.0 168.0 8.9 28.0 72.1
424.0 178.0 8.5 7.0 39.0
424.0 178.0 8.5 56.0 65.7
424.0 168.0 8.9 3.0 32.11
424.0 168.0 8.9 7.0 40.29
424.0 168.0 8.9 56.0 74.36
202.0 206.0 1.7 28.0 21.97
202.0 206.0 1.7 3.0 9.85
202.0 206.0 1.7 7.0 15.07
202.0 206.0 1.7 56.0 23.25
284.0 179.0 5.5 3.0 13.4
284.0 179.0 5.5 7.0 24.13
284.0 179.0 5.5 56.0 44.52
359.0 154.0 10.9 28.0 59.49
359.0 154.0 10.9 3.0 25.12
359.0 154.0 10.9 56.0 66.78
436.0 218.0 0.0 28.0 23.85
289.0 192.0 0.0 90.0 32.07
289.0 192.0 0.0 3.0 11.65
393.0 192.0 0.0 3.0 19.2
393.0 192.0 0.0 90.0 48.85
393.0 192.0 0.0 28.0 39.6
480.0 192.0 0.0 28.0 43.94
480.0 192.0 0.0 7.0 34.57
480.0 192.0 0.0 90.0 54.32
480.0 192.0 0.0 3.0 24.4
255.0 192.0 0.0 90.0 21.86
289.0 192.0 0.0 7.0 14.6
255.0 192.0 0.0 28.0 18.75
333.0 192.0 0.0 28.0 31.97
289.0 192.0 0.0 28.0 25.57
333.0 192.0 0.0 90.0 41.68
393.0 192.0 0.0 7.0 27.74
255.0 192.0 0.0 3.0 8.2
158.8 185.7 0.0 7.0 9.62
239.6 185.7 0.0 7.0 25.42
238.2 185.7 0.0 7.0 15.69
181.9 185.7 0.0 28.0 27.94
255.5 185.7 0.0 7.0 17.24
272.8 185.7 0.0 7.0 19.77
220.8 185.7 0.0 28.0 25.75
397.0 185.7 0.0 28.0 33.08
382.5 185.7 0.0 7.0 24.07
210.7 185.7 0.0 7.0 21.82
295.8 185.7 0.0 7.0 14.84
255.5 185.7 0.0 28.0 32.05
203.5 185.7 0.0 7.0 11.96
397.0 185.7 0.0 7.0 25.45
381.4 185.7 0.0 28.0 22.49
295.8 185.7 0.0 28.0 25.22
228.0 185.7 0.0 28.0 39.7
220.8 185.7 0.0 7.0 13.09
316.1 185.7 0.0 28.0 38.7
135.7 185.7 0.0 7.0 7.51
238.1 185.7 0.0 28.0 17.58
339.2 185.7 0.0 7.0 21.18
135.7 185.7 0.0 28.0 18.2
193.5 185.7 0.0 7.0 17.2
203.5 185.7 0.0 28.0 22.63
290.2 185.7 0.0 7.0 21.86
181.9 185.7 0.0 7.0 12.37
170.3 185.7 0.0 28.0 25.73
210.7 185.7 0.0 28.0 37.81
228.0 185.7 0.0 7.0 21.92
290.2 185.7 0.0 28.0 33.04
381.4 185.7 0.0 7.0 14.54
238.2 185.7 0.0 28.0 26.91
186.2 185.7 0.0 7.0 8.0
339.2 185.7 0.0 28.0 31.9
252.5 185.7 0.0 28.0 19.77
252.5 185.7 0.0 7.0 11.48
316.1 185.7 0.0 7.0 24.44
186.2 185.7 0.0 28.0 17.6
170.3 185.7 0.0 7.0 10.73
272.8 185.7 0.0 28.0 31.38
339.0 197.0 0.0 3.0 13.22
339.0 197.0 0.0 14.0 27.04
339.0 197.0 0.0 28.0 32.04
339.0 197.0 0.0 90.0 35.17
339.0 197.0 0.0 180.0 36.45
339.0 197.0 0.0 365.0 38.89
236.0 194.0 0.0 3.0 6.47
236.0 194.0 0.0 90.0 21.95
236.0 193.0 0.0 180.0 24.1
236.0 193.0 0.0 365.0 25.08
277.0 191.0 0.0 14.0 21.26
277.0 191.0 0.0 3.0 11.36
277.0 191.0 0.0 90.0 31.25
277.0 191.0 0.0 360.0 33.7
254.0 198.0 0.0 3.0 9.31
254.0 198.0 0.0 90.0 26.94
254.0 198.0 0.0 180.0 27.63
254.0 198.0 0.0 365.0 29.79
307.0 193.0 0.0 365.0 36.15
307.0 193.0 0.0 3.0 12.54
236.0 193.0 0.0 7.0 9.99
200.0 180.0 0.0 7.0 7.84
200.0 180.0 0.0 28.0 12.25
225.0 181.0 0.0 7.0 11.17
225.0 181.0 0.0 28.0 17.34
325.0 184.0 0.0 7.0 17.54
325.0 184.0 0.0 28.0 30.57
275.0 183.0 0.0 7.0 14.2
300.0 184.0 0.0 7.0 15.58
300.0 184.0 0.0 28.0 26.85
375.0 186.0 0.0 28.0 38.21
400.0 187.0 0.0 28.0 43.7
400.0 187.0 0.0 7.0 30.14
250.0 182.0 0.0 7.0 12.73
350.0 186.0 0.0 7.0 20.28
203.5 203.5 0.0 7.0 19.54
250.2 203.5 0.0 90.0 47.71
141.3 203.5 0.0 28.0 29.89
102.0 192.0 0.0 3.0 4.57
102.0 192.0 0.0 90.0 25.46
122.6 203.5 0.0 28.0 24.29
166.8 203.5 0.0 28.0 33.95
108.3 203.5 0.0 28.0 20.59
305.3 203.5 0.0 7.0 25.89
116.0 192.0 0.0 90.0 31.02
141.3 203.5 0.0 7.0 10.39
133.0 192.0 0.0 28.0 27.87
192.0 192.0 0.0 28.0 39.32
153.0 192.0 0.0 3.0 4.78
288.0 192.0 0.0 3.0 16.11
236.0 192.0 0.0 7.0 20.42
173.0 192.0 0.0 3.0 6.94
212.0 203.5 0.0 7.0 15.03
236.0 192.0 0.0 3.0 13.57
183.9 203.5 0.0 90.0 32.53
288.0 192.0 0.0 28.0 38.8
212.0 203.5 0.0 28.0 33.0
173.0 192.0 0.0 28.0 24.28
133.0 192.0 0.0 90.0 36.59
133.0 192.0 0.0 7.0 13.66
305.3 203.5 0.0 3.0 14.14
236.0 192.0 0.0 90.0 47.78
288.0 192.0 0.0 7.0 23.52
212.0 203.5 0.0 3.0 6.81
212.0 203.5 0.0 90.0 39.7
153.0 192.0 0.0 28.0 17.96
116.0 192.0 0.0 28.0 22.35
183.9 203.5 0.0 7.0 10.79
108.3 203.5 0.0 7.0 7.72
203.5 203.5 0.0 28.0 41.68
